3,2,24665480,59462700,,318,98,Z,162,Kopli
3,1,24665950,59462810,,320,109,Z,164,Kopli
3,2,24665020,59462610,,254,110,Z,142,Kopli
3,1,24665540,59462850,,320,123,Z,110,Kopli
3,2,24664830,59462980,,275,538,false,180,Kopli
2,40,24671490,59413740,,229,1016,Z,95,Pelguranna
2,67,24717720,59414000,,204,1019,Z,104,Seli
2,34,24658540,59410580,,229,1037,Z,22,Viru keskus
2,24,24659260,59410960,,200,1162,Z,136,Kadaka
2,3,24659490,59411130,,257,1169,Z,25,Pelguranna
2,13,24659550,59408620,,204,1244,Z,64,Väike-Õismäe
2,18,24657550,59409780,,238,1315,Z,39,Laagri
2,83,24657090,59402850,,328,1384,Z,34,Mustamäe
2,18,24658590,59410960,,222,1412,Z,39,Laagri
2,42,24658370,59410830,,233,1415,Z,101,Priisle
2,83,24658710,59409510,,138,1422,Z,67,Kaubamaja
2,18,24645230,59397510,,7,1553,Z,92,Viru keskus
2,42,24657900,59410000,,252,1561,Z,60,Väike-Õismäe
2,83,24657390,59409670,,178,1885,Z,101,Kaubamaja
2,72,24658720,59409860,,144,2032,Z,82,Keskuse
2,5,24657410,59410340,,35,2074,Z,70,Männiku
2,18,24657330,59410180,,255,2148,Z,71,Laagri
2,2,24662220,59411290,,98,2199,Z,54,Balti jaam
2,72,24658320,59409550,,204,2253,Z,134,Keskuse
2,81,24661330,59411870,,324,2284,Z,30,Mustamäe
2,16,24659810,59409510,,137,2375,Z,21,Tallinn-Väike
2,5,24656600,59409600,,304,2455,Z,108,Männiku
2,81,24658010,59409150,,214,2483,Z,93,Kaubamaja
2,5,24660240,59408520,,159,2600,Z,34,Männiku
2,16,24656900,59409940,,165,2695,Z,75,Tallinn-Väike
2,10,24730660,59423930,,314,2722,Z,112,Väike-Õismäe
2,10,24656940,59410090,,262,2732,Z,58,Väike-Õismäe
2,42,24652940,59413240,,209,2748,Z,137,Priisle
2,5,24656840,59409750,,214,2784,Z,89,Metsakooli tee
2,16,24656820,59409900,,175,2787,Z,117,Tallinn-Väike
2,5,24718410,59387790,,218,2895,Z,50,Männiku
2,16,24659800,59409690,,132,2915,Z,54,Väike-Õismäe
2,42,24849740,59432480,,263,3012,Z,166,Priisle
2,40,24847250,59442850,,116,3018,Z,58,Priisle
2,42,24840440,59431640,,283,3034,Z,165,Priisle
2,13,24840350,59432320,,261,3267,Z,51,Priisle
2,40,24840150,59432050,,220,3271,Z,145,Pelguranna
2,40,24840040,59432060,,339,3296,Z,20,Priisle
2,67,24841240,59432380,,253,3382,Z,32,Sütiste
2,67,24845090,59440030,,86,3444,Z,119,Sütiste
2,35,24840020,59432240,,225,3467,Z,136,Seli
2,40,24839880,59432330,,338,3490,Z,128,Priisle
2,60,24839660,59432560,,337,3625,Z,58,Seli
2,58,24840940,59432290,,148,3788,Z,62,Priisle
